"Id","Path","Slice Name","Alias(s)","Label","Min","Max","Must Support?","Is Modifier?","Is Summary?","Type(s)","Short","Definition","Comments","Requirements","Default Value","Meaning When Missing","Fixed Value","Pattern","Example","Minimum Value","Maximum Value","Maximum Length","Binding Strength","Binding Description","Binding Value Set","Code","Slicing Discriminator","Slicing Description","Slicing Ordered","Slicing Rules","Base Path","Base Min","Base Max","Condition(s)","Constraint(s)","Mapping: Workflow Pattern","Mapping: RIM Mapping","Mapping: FiveWs Pattern Mapping","Mapping: Object Implementation Information","Mapping: HL7 v2 Mapping"
"Questionnaire","Questionnaire","","Form
CRFSurvey","",0,*,"","","","null {[]} {[]}
","A structured set of questions","A structured set of questions intended to guide the collection of answers from end-users. Questionnaires provide detailed control over order, presentation, phraseology and grouping to allow coherent, consistent data collection.","","","","","","","","","",,,,,"",,,,"Questionnaire",0,*,"","dom-2:If the resource is contained in another resource, it SHALL NOT contain nested Resources {contained.contained.empty()}
dom-3:If the resource is contained in another resource, it SHALL be referred to from elsewhere in the resource or SHALL refer to the containing resource {contained.where((('#'+id in (%resource.descendants().reference | %resource.descendants().as(canonical) | %resource.descendants().as(uri) | %resource.descendants().as(url))) or descendants().where(reference = '#').exists() or descendants().where(as(canonical) = '#').exists() or descendants().where(as(canonical) = '#').exists()).not()).trace('unmatched', id).empty()}dom-4:If a resource is contained in another resource, it SHALL NOT have a meta.versionId or a meta.lastUpdated {contained.meta.versionId.empty() and contained.meta.lastUpdated.empty()}dom-5:If a resource is contained in another resource, it SHALL NOT have a security label {contained.meta.security.empty()}dom-6:A resource should have narrative for robust management {text.`div`.exists()}que-0:Name should be usable as an identifier for the module by machine processing applications such as code generation {name.matches('[A-Z]([A-Za-z0-9_]){0,254}')}que-2:The link ids for groups and questions must be unique within the questionnaire {descendants().linkId.isDistinct()}","Definition","Entity. Role, or Act","Observation[moodCode=DEF]"
"Questionnaire.id","Questionnaire.id","","","",0,1,"","","Y","id {[]} {[]}
","Logical id of this artifact","The logical id of the resource, as used in the URL for the resource. Once assigned, this value never changes.","The only time that a resource does not have an id is when it is being submitted to the server using a create operation.","","","","","","","","",,,,,"",,,,"Resource.id",0,1,"",""
"Questionnaire.meta","Questionnaire.meta","","","",0,1,"","","Y","Meta {[]} {[]}
","Metadata about the resource","The metadata about the resource. This is content that is maintained by the infrastructure. Changes to the content might not always be associated with version changes to the resource.","","","","","","","","","",,,,,"",,,,"Resource.meta",0,1,"","ele-1:All FHIR elements must have a @value or children {hasValue() or (children().count() > id.count())}
"
"Questionnaire.meta.id","Questionnaire.meta.id","","","",0,1,"","","","string {[]} {[]}
","Unique id for inter-element referencing","Unique id for the element within a resource (for internal references). This may be any string value that does not contain spaces.","","","","","","","","","",,,,,"",,,,"Element.id",0,1,"","","n/a"
"Questionnaire.meta.extension","Questionnaire.meta.extension","","extensions
user content","",0,*,"","","","Extension {[]} {[]}
","Additional content defined by implementations","May be used to represent additional information that is not part of the basic definition of the element. To make the use of extensions safe and manageable, there is a strict set of governance  applied to the definition and use of extensions. Though any implementer can define an extension, there is a set of requirements that SHALL be met as part of the definition of the extension.","There can be no stigma associated with the use of extensions by any application, project, or standard - regardless of the institution or jurisdiction that uses or defines the extensions.  The use of extensions is what allows the FHIR specification to retain a core level of simplicity for everyone.","","","","","","","","",,,,,"","value:url}
","Extensions are always sliced by (at least) url",,"open","Element.extension",0,*,"","ele-1:All FHIR elements must have a @value or children {hasValue() or (children().count() > id.count())}
ext-1:Must have either extensions or value[x], not both {extension.exists() != value.exists()}","n/a"
"Questionnaire.meta.extension:created","Questionnaire.meta.extension","created","","",0,1,"Y","","","Extension {[CanonicalType[https://ths-greifswald.de/fhir/StructureDefinition/gics/Created]]} {[]}
","Created","Erstellungsdatum der Ressource/Information","","","","","","","","","",,,,,"",,,,"Element.extension",0,*,"","ele-1:All FHIR elements must have a @value or children {hasValue() or (children().count() > id.count())}
ext-1:Must have either extensions or value[x], not both {extension.exists() != value.exists()}"
"Questionnaire.meta.versionId","Questionnaire.meta.versionId","","","",0,1,"","","Y","id {[]} {[]}
","Version specific identifier","The version specific identifier, as it appears in the version portion of the URL. This value changes when the resource is created, updated, or deleted.","The server assigns this value, and ignores what the client specifies, except in the case that the server is imposing version integrity on updates/deletes.","","","","","","","","",,,,,"",,,,"Meta.versionId",0,1,"","ele-1:All FHIR elements must have a @value or children {hasValue() or (children().count() > id.count())}
"
"Questionnaire.meta.lastUpdated","Questionnaire.meta.lastUpdated","","","",0,1,"","","Y","instant {[]} {[]}
","When the resource version last changed","When the resource last changed - e.g. when the version changed.","This value is always populated except when the resource is first being created. The server / resource manager sets this value; what a client provides is irrelevant. This is equivalent to the HTTP Last-Modified and SHOULD have the same value on a [read](http://hl7.org/fhir/R4/http.html#read) interaction.","","","","","","","","",,,,,"",,,,"Meta.lastUpdated",0,1,"","ele-1:All FHIR elements must have a @value or children {hasValue() or (children().count() > id.count())}
"
"Questionnaire.meta.source","Questionnaire.meta.source","","","",0,1,"","","Y","uri {[]} {[]}
","Identifies where the resource comes from","A uri that identifies the source system of the resource. This provides a minimal amount of [Provenance](http://hl7.org/fhir/R4/provenance.html#) information that can be used to track or differentiate the source of information in the resource. The source may identify another FHIR server, document, message, database, etc.","In the provenance resource, this corresponds to Provenance.entity.what[x]. The exact use of the source (and the implied Provenance.entity.role) is left to implementer discretion. Only one nominated source is allowed; for additional provenance details, a full Provenance resource should be used. 

This element can be used to indicate where the current master source of a resource that has a canonical URL if the resource is no longer hosted at the canonical URL.","","","","","","","","",,,,,"",,,,"Meta.source",0,1,"","ele-1:All FHIR elements must have a @value or children {hasValue() or (children().count() > id.count())}
"
"Questionnaire.meta.profile","Questionnaire.meta.profile","","","",0,*,"","","Y","canonical {[]} {[CanonicalType[http://hl7.org/fhir/StructureDefinition/StructureDefinition|4.0.1]]}
","Profiles this resource claims to conform to","A list of profiles (references to [StructureDefinition](http://hl7.org/fhir/R4/structuredefinition.html#) resources) that this resource claims to conform to. The URL is a reference to [StructureDefinition.url](http://hl7.org/fhir/R4/structuredefinition-definitions.html#StructureDefinition.url).","It is up to the server and/or other infrastructure of policy to determine whether/how these claims are verified and/or updated over time.  The list of profile URLs is a set.","","","","","","","","",,,,,"",,,,"Meta.profile",0,*,"","ele-1:All FHIR elements must have a @value or children {hasValue() or (children().count() > id.count())}
"
"Questionnaire.meta.security","Questionnaire.meta.security","","","",0,*,"","","Y","Coding {[]} {[]}
","Security Labels applied to this resource","Security labels applied to this resource. These tags connect specific resources to the overall security policy and infrastructure.","The security labels can be updated without changing the stated version of the resource. The list of security labels is a set. Uniqueness is based the system/code, and version and display are ignored.","","","","","","","","",,"extensible","Security Labels from the Healthcare Privacy and Security Classification System.","http://hl7.org/fhir/ValueSet/security-labels|4.0.1","",,,,"Meta.security",0,*,"","ele-1:All FHIR elements must have a @value or children {hasValue() or (children().count() > id.count())}
"
"Questionnaire.meta.tag","Questionnaire.meta.tag","","","",0,*,"","","Y","Coding {[]} {[]}
","Tags applied to this resource","Tags applied to this resource. Tags are intended to be used to identify and relate resources to process and workflow, and applications are not required to consider the tags when interpreting the meaning of a resource.","The tags can be updated without changing the stated version of the resource. The list of tags is a set. Uniqueness is based the system/code, and version and display are ignored.","","","","","","","","",,"example","Codes that represent various types of tags, commonly workflow-related; e.g. ""Needs review by Dr. Jones"".","http://hl7.org/fhir/ValueSet/common-tags|4.0.1","",,,,"Meta.tag",0,*,"","ele-1:All FHIR elements must have a @value or children {hasValue() or (children().count() > id.count())}
"
"Questionnaire.implicitRules","Questionnaire.implicitRules","","","",0,1,"","Y","Y","uri {[]} {[]}
","A set of rules under which this content was created","A reference to a set of rules that were followed when the resource was constructed, and which must be understood when processing the content. Often, this is a reference to an implementation guide that defines the special rules along with other profiles etc.","Asserting this rule set restricts the content to be only understood by a limited set of trading partners. This inherently limits the usefulness of the data in the long term. However, the existing health eco-system is highly fractured, and not yet ready to define, collect, and exchange data in a generally computable sense. Wherever possible, implementers and/or specification writers should avoid using this element. Often, when used, the URL is a reference to an implementation guide that defines these special rules as part of it's narrative along with other profiles, value sets, etc.","","","","","","","","",,,,,"",,,,"Resource.implicitRules",0,1,"","ele-1:All FHIR elements must have a @value or children {hasValue() or (children().count() > id.count())}
"
"Questionnaire.language","Questionnaire.language","","","",0,1,"Y","","","code {[]} {[]}
","Sprache des Moduls","The base language in which the resource is written.","Language is provided to support indexing and accessibility (typically, services such as text to speech use the language tag). The html language tag in the narrative applies  to the narrative. The language tag on the resource may be used to specify the language of other presentations generated from the data in the resource. Not all the content has to be in the base language. The Resource.language should not be assumed to apply to the narrative automatically. If a language is specified, it should it also be specified on the div element in the html (see rules in HTML5 for information about the relationship between xml:lang and the html lang attribute).","","","","","","","","",,"preferred","A human language.","http://hl7.org/fhir/ValueSet/languages","",,,,"Resource.language",0,1,"","ele-1:All FHIR elements must have a @value or children {hasValue() or (children().count() > id.count())}
"
"Questionnaire.text","Questionnaire.text","","narrative
htmlxhtmldisplay","",0,1,"","","","Narrative {[]} {[]}
","Text summary of the resource, for human interpretation","A human-readable narrative that contains a summary of the resource and can be used to represent the content of the resource to a human. The narrative need not encode all the structured data, but is required to contain sufficient detail to make it ""clinically safe"" for a human to just read the narrative. Resource definitions may define what content should be represented in the narrative to ensure clinical safety.","Contained resources do not have narrative. Resources that are not contained SHOULD have a narrative. In some cases, a resource may only have text with little or no additional discrete data (as long as all minOccurs=1 elements are satisfied).  This may be necessary for data from legacy systems where information is captured as a ""text blob"" or where text is additionally entered raw or narrated and encoded information is added later.","","","","","","","","",,,,,"",,,,"DomainResource.text",0,1,"","ele-1:All FHIR elements must have a @value or children {hasValue() or (children().count() > id.count())}
","Act.text?"
"Questionnaire.contained","Questionnaire.contained","","inline resources
anonymous resourcescontained resources","",0,*,"","","","Resource {[]} {[]}
","Contained, inline Resources","These resources do not have an independent existence apart from the resource that contains them - they cannot be identified independently, and nor can they have their own independent transaction scope.","This should never be done when the content can be identified properly, as once identification is lost, it is extremely difficult (and context dependent) to restore it again. Contained resources may have profiles and tags In their meta elements, but SHALL NOT have security labels.","","","","","","","","",,,,,"",,,,"DomainResource.contained",0,*,"","","N/A"
"Questionnaire.extension","Questionnaire.extension","","extensions
user content","",0,*,"","","","Extension {[]} {[]}
","Additional content defined by implementations","May be used to represent additional information that is not part of the basic definition of the resource. To make the use of extensions safe and manageable, there is a strict set of governance  applied to the definition and use of extensions. Though any implementer can define an extension, there is a set of requirements that SHALL be met as part of the definition of the extension.","There can be no stigma associated with the use of extensions by any application, project, or standard - regardless of the institution or jurisdiction that uses or defines the extensions.  The use of extensions is what allows the FHIR specification to retain a core level of simplicity for everyone.","","","","","","","","",,,,,"",,,,"DomainResource.extension",0,*,"","ele-1:All FHIR elements must have a @value or children {hasValue() or (children().count() > id.count())}
ext-1:Must have either extensions or value[x], not both {extension.exists() != value.exists()}","N/A"
"Questionnaire.modifierExtension","Questionnaire.modifierExtension","","extensions
user content","",0,*,"","Y","","Extension {[]} {[]}
","Extensions that cannot be ignored","May be used to represent additional information that is not part of the basic definition of the resource and that modifies the understanding of the element that contains it and/or the understanding of the containing element's descendants. Usually modifier elements provide negation or qualification. To make the use of extensions safe and manageable, there is a strict set of governance applied to the definition and use of extensions. Though any implementer is allowed to define an extension, there is a set of requirements that SHALL be met as part of the definition of the extension. Applications processing a resource are required to check for modifier extensions.

Modifier extensions SHALL NOT change the meaning of any elements on Resource or DomainResource (including cannot change the meaning of modifierExtension itself).","There can be no stigma associated with the use of extensions by any application, project, or standard - regardless of the institution or jurisdiction that uses or defines the extensions.  The use of extensions is what allows the FHIR specification to retain a core level of simplicity for everyone.","Modifier extensions allow for extensions that *cannot* be safely ignored to be clearly distinguished from the vast majority of extensions which can be safely ignored.  This promotes interoperability by eliminating the need for implementers to prohibit the presence of extensions. For further information, see the [definition of modifier extensions](http://hl7.org/fhir/R4/extensibility.html#modifierExtension).","","","","","","","",,,,,"",,,,"DomainResource.modifierExtension",0,*,"","ele-1:All FHIR elements must have a @value or children {hasValue() or (children().count() > id.count())}
ext-1:Must have either extensions or value[x], not both {extension.exists() != value.exists()}","N/A"
"Questionnaire.url","Questionnaire.url","","","",0,1,"","","Y","uri {[]} {[]}
","Canonical identifier for this questionnaire, represented as a URI (globally unique)","An absolute URI that is used to identify this questionnaire when it is referenced in a specification, model, design or an instance; also called its canonical identifier. This SHOULD be globally unique and SHOULD be a literal address at which at which an authoritative instance of this questionnaire is (or will be) published. This URL can be the target of a canonical reference. It SHALL remain the same when the questionnaire is stored on different servers.","The name of the referenced questionnaire can be conveyed using the http://hl7.org/fhir/StructureDefinition/display extension.","…  This is the id that will be used to link a QuestionnaireResponse to the Questionnaire the response is for.","","","","","","","",,,,,"",,,,"Questionnaire.url",0,1,"","ele-1:All FHIR elements must have a @value or children {hasValue() or (children().count() > id.count())}
","Definition.url",".identifier[scope=BUSN;reliability=ISS]","FiveWs.identifier"
"Questionnaire.identifier","Questionnaire.identifier","","","",0,*,"Y","","Y","Identifier {[]} {[]}
","Identifikator eines Moduls","Identifikator eines Moduls. Dient dem Zweck des systemübergreifen Identifizierens, z.B. beim verteilten Consent Management","Typically, this is used for identifiers that can go in an HL7 V3 II (instance identifier) data type, and can then identify this questionnaire outside of FHIR, where it is not possible to use the logical URI.","Allows externally provided and/or usable business identifiers to be easily associated with the module.","","","","","","","",,,,,"",,,,"Questionnaire.identifier",0,*,"","ele-1:All FHIR elements must have a @value or children {hasValue() or (children().count() > id.count())}
","Definition.identifier",".identifier","FiveWs.identifier","no-gen-base"
"Questionnaire.identifier.id","Questionnaire.identifier.id","","","",0,1,"","","","string {[]} {[]}
","Unique id for inter-element referencing","Unique id for the element within a resource (for internal references). This may be any string value that does not contain spaces.","","","","","","","","","",,,,,"",,,,"Element.id",0,1,"","","n/a"
"Questionnaire.identifier.extension","Questionnaire.identifier.extension","","extensions
user content","",0,*,"","","","Extension {[]} {[]}
","Additional content defined by implementations","May be used to represent additional information that is not part of the basic definition of the element. To make the use of extensions safe and manageable, there is a strict set of governance  applied to the definition and use of extensions. Though any implementer can define an extension, there is a set of requirements that SHALL be met as part of the definition of the extension.","There can be no stigma associated with the use of extensions by any application, project, or standard - regardless of the institution or jurisdiction that uses or defines the extensions.  The use of extensions is what allows the FHIR specification to retain a core level of simplicity for everyone.","","","","","","","","",,,,,"","value:url}
","Extensions are always sliced by (at least) url",,"open","Element.extension",0,*,"","ele-1:All FHIR elements must have a @value or children {hasValue() or (children().count() > id.count())}
ext-1:Must have either extensions or value[x], not both {extension.exists() != value.exists()}","n/a"
"Questionnaire.identifier.use","Questionnaire.identifier.use","","","",0,1,"","Y","Y","code {[]} {[]}
","usual | official | temp | secondary | old (If known)","The purpose of this identifier.","Applications can assume that an identifier is permanent unless it explicitly says that it is temporary.","Allows the appropriate identifier for a particular context of use to be selected from among a set of identifiers.","","","","","","","",,"required","Identifies the purpose for this identifier, if known .","http://hl7.org/fhir/ValueSet/identifier-use|4.0.1","",,,,"Identifier.use",0,1,"","ele-1:All FHIR elements must have a @value or children {hasValue() or (children().count() > id.count())}
","Role.code or implied by context","N/A"
"Questionnaire.identifier.type","Questionnaire.identifier.type","","","",0,1,"","","Y","CodeableConcept {[]} {[]}
","Description of identifier","A coded type for the identifier that can be used to determine which identifier to use for a specific purpose.","This element deals only with general categories of identifiers.  It SHOULD not be used for codes that correspond 1..1 with the Identifier.system. Some identifiers may fall into multiple categories due to common usage.   Where the system is known, a type is unnecessary because the type is always part of the system definition. However systems often need to handle identifiers where the system is not known. There is not a 1:1 relationship between type and system, since many different systems have the same type.","Allows users to make use of identifiers when the identifier system is not known.","","","","","","","",,"extensible","A coded type for an identifier that can be used to determine which identifier to use for a specific purpose.","http://hl7.org/fhir/ValueSet/identifier-type","",,,,"Identifier.type",0,1,"","ele-1:All FHIR elements must have a @value or children {hasValue() or (children().count() > id.count())}
","Role.code or implied by context","CX.5"
"Questionnaire.identifier.system","Questionnaire.identifier.system","","","",1,1,"Y","","Y","uri {[]} {[]}
","The namespace for the identifier value","Establishes the namespace for the value - that is, a URL that describes a set values that are unique.","Identifier.system is always case sensitive.","There are many sets  of identifiers.  To perform matching of two identifiers, we need to know what set we're dealing with. The system identifies a particular set of unique identifiers.","","","","","<valueUri xmlns=""http://hl7.org/fhir"" value=""http://www.acme.com/identifiers/patient""/>","","",,,,,"",,,,"Identifier.system",0,1,"","ele-1:All FHIR elements must have a @value or children {hasValue() or (children().count() > id.count())}
","II.root or Role.id.root","CX.4 / EI-2-4"
"Questionnaire.identifier.value","Questionnaire.identifier.value","","","",1,1,"Y","","Y","string {[]} {[]}
","The value that is unique","The portion of the identifier typically relevant to the user and which is unique within the context of the system.","If the value is a full URI, then the system SHALL be urn:ietf:rfc:3986.  The value's primary purpose is computational mapping.  As a result, it may be normalized for comparison purposes (e.g. removing non-significant whitespace, dashes, etc.)  A value formatted for human display can be conveyed using the [Rendered Value extension](http://hl7.org/fhir/R4/extension-rendered-value.html). Identifier.value is to be treated as case sensitive unless knowledge of the Identifier.system allows the processer to be confident that non-case-sensitive processing is safe.","","","","","","<valueString xmlns=""http://hl7.org/fhir"" value=""123456""/>","","",,,,,"",,,,"Identifier.value",0,1,"","ele-1:All FHIR elements must have a @value or children {hasValue() or (children().count() > id.count())}
","II.extension or II.root if system indicates OID or GUID (Or Role.id.extension or root)","CX.1 / EI.1"
"Questionnaire.identifier.period","Questionnaire.identifier.period","","","",0,1,"","","Y","Period {[]} {[]}
","Time period when id is/was valid for use","Time period during which identifier is/was valid for use.","","","","","","","","","",,,,,"",,,,"Identifier.period",0,1,"","ele-1:All FHIR elements must have a @value or children {hasValue() or (children().count() > id.count())}
","Role.effectiveTime or implied by context","CX.7 + CX.8"
"Questionnaire.identifier.assigner","Questionnaire.identifier.assigner","","","",0,1,"","","Y","Reference {[]} {[CanonicalType[http://hl7.org/fhir/StructureDefinition/Organization]]}
","Organization that issued id (may be just text)","Organization that issued/manages the identifier.","The Identifier.assigner may omit the .reference element and only contain a .display element reflecting the name or other textual information about the assigning organization.","","","","","","","","",,,,,"",,,,"Identifier.assigner",0,1,"","ele-1:All FHIR elements must have a @value or children {hasValue() or (children().count() > id.count())}
","II.assigningAuthorityName but note that this is an improper use by the definition of the field.  Also Role.scoper","CX.4 / (CX.4,CX.9,CX.10)"
"Questionnaire.version","Questionnaire.version","","","",1,1,"Y","","Y","string {[]} {[]}
","Versionsangabe des Moduls","The identifier that is used to identify this version of the questionnaire when it is referenced in a specification, model, design or instance. This is an arbitrary value managed by the questionnaire author and is not expected to be globally unique. For example, it might be a timestamp (e.g. yyyymmdd) if a managed version is not available. There is also no expectation that versions can be placed in a lexicographical sequence.","There may be different questionnaire instances that have the same identifier but different versions.  The version can be appended to the url in a reference to allow a reference to a particular business version of the questionnaire with the format [url]|[version].","","","","","","","","",,,,,"",,,,"Questionnaire.version",0,1,"","ele-1:All FHIR elements must have a @value or children {hasValue() or (children().count() > id.count())}
","Definition.version","N/A (to add?)","FiveWs.version"
"Questionnaire.name","Questionnaire.name","","","",1,1,"Y","","Y","string {[]} {[]}
","Name des Consent Moduls","A natural language name identifying the questionnaire. This name should be usable as an identifier for the module by machine processing applications such as code generation.","The name is not expected to be globally unique. The name should be a simple alphanumeric type name to ensure that it is machine-processing friendly.","Support human navigation and code generation.","","","","","","","",,,,,"",,,,"Questionnaire.name",0,1,"inv-0
","ele-1:All FHIR elements must have a @value or children {hasValue() or (children().count() > id.count())}
","N/A"
"Questionnaire.title","Questionnaire.title","","","",0,1,"Y","","Y","string {[]} {[]}
","Titel des Consent Moduls zur Darstellung auf dem späteren Consent Template","A short, descriptive, user-friendly title for the questionnaire.","This name does not need to be machine-processing friendly and may contain punctuation, white-space, etc.","","","","","","","","",,,,,"",,,,"Questionnaire.title",0,1,"","ele-1:All FHIR elements must have a @value or children {hasValue() or (children().count() > id.count())}
","Definition.title",".title"
"Questionnaire.derivedFrom","Questionnaire.derivedFrom","","","",0,*,"","","","canonical {[]} {[CanonicalType[http://hl7.org/fhir/StructureDefinition/Questionnaire]]}
","Instantiates protocol or definition","The URL of a Questionnaire that this Questionnaire is based on.","","Allows a Questionnaire to be created based on another Questionnaire.","","","","","","","",,,,,"",,,,"Questionnaire.derivedFrom",0,*,"","ele-1:All FHIR elements must have a @value or children {hasValue() or (children().count() > id.count())}
","Definition.derivedFrom",".outboundRelationship[typeCode=DRIV].target[classCode=OBS, moodCode=DEFN]"
"Questionnaire.status","Questionnaire.status","","","",1,1,"Y","Y","Y","code {[]} {[]}
","draft | active | retired | unknown","The status of this questionnaire. Enables tracking the life-cycle of the content.","Allows filtering of questionnaires that are appropriate for use versus not.","","","","","","","","",,"required","The lifecycle status of an artifact.","http://hl7.org/fhir/ValueSet/publication-status|4.0.1","",,,,"Questionnaire.status",1,1,"","ele-1:All FHIR elements must have a @value or children {hasValue() or (children().count() > id.count())}
","Definition.status",".status","FiveWs.status"
"Questionnaire.experimental","Questionnaire.experimental","","","",0,1,"","","Y","boolean {[]} {[]}
","For testing purposes, not real usage","A Boolean value to indicate that this questionnaire is authored for testing purposes (or education/evaluation/marketing) and is not intended to be used for genuine usage.","Allows filtering of questionnaires that are appropriate for use versus not.","Enables experimental content to be developed following the same lifecycle that would be used for a production-level questionnaire.","","","","","","","",,,,,"",,,,"Questionnaire.experimental",0,1,"","ele-1:All FHIR elements must have a @value or children {hasValue() or (children().count() > id.count())}
","Definition.experimental","N/A","FiveWs.class"
"Questionnaire.subjectType","Questionnaire.subjectType","","","",0,*,"","","Y","code {[]} {[]}
","Resource that can be subject of QuestionnaireResponse","The types of subjects that can be the subject of responses created for the questionnaire.","If none are specified, then the subject is unlimited.","","","","","","","","",,"required","One of the resource types defined as part of this version of FHIR.","http://hl7.org/fhir/ValueSet/resource-types|4.0.1","",,,,"Questionnaire.subjectType",0,*,"","ele-1:All FHIR elements must have a @value or children {hasValue() or (children().count() > id.count())}
","Definition.subject[x]",".outboundRelationship[typeCode=META].target[classCode=OBS, moodCode=DEFN, isCriterion=true].participation.role.classCode"
"Questionnaire.date","Questionnaire.date","","Revision Date
","",0,1,"","","Y","dateTime {[]} {[]}
","Date last changed","The date  (and optionally time) when the questionnaire was published. The date must change when the business version changes and it must change if the status code changes. In addition, it should change when the substantive content of the questionnaire changes.","Note that this is not the same as the resource last-modified-date, since the resource may be a secondary representation of the questionnaire. Additional specific dates may be added as extensions or be found by consulting Provenances associated with past versions of the resource.","","","","","","","","",,,,,"",,,,"Questionnaire.date",0,1,"","ele-1:All FHIR elements must have a @value or children {hasValue() or (children().count() > id.count())}
","Definition.date",".participation[typeCode=AUT].time","FiveWs.recorded"
"Questionnaire.publisher","Questionnaire.publisher","","","",0,1,"","","Y","string {[]} {[]}
","Name of the publisher (organization or individual)","The name of the organization or individual that published the questionnaire.","Usually an organization but may be an individual. The publisher (or steward) of the questionnaire is the organization or individual primarily responsible for the maintenance and upkeep of the questionnaire. This is not necessarily the same individual or organization that developed and initially authored the content. The publisher is the primary point of contact for questions or issues with the questionnaire. This item SHOULD be populated unless the information is available from context.","Helps establish the ""authority/credibility"" of the questionnaire.  May also allow for contact.","","","","","","","",,,,,"",,,,"Questionnaire.publisher",0,1,"","ele-1:All FHIR elements must have a @value or children {hasValue() or (children().count() > id.count())}
","Definition.publisher",".participation[typeCode=AUT].role","FiveWs.witness"
"Questionnaire.contact","Questionnaire.contact","","","",0,*,"","","Y","ContactDetail {[]} {[]}
","Contact details for the publisher","Contact details to assist a user in finding and communicating with the publisher.","May be a web site, an email address, a telephone number, etc.","","","","","","","","",,,,,"",,,,"Questionnaire.contact",0,*,"","ele-1:All FHIR elements must have a @value or children {hasValue() or (children().count() > id.count())}
","Definition.contact",".participation[typeCode=CALLBCK].role"
"Questionnaire.description","Questionnaire.description","","","",0,1,"Y","","","markdown {[]} {[]}
","Kurzzusammenfassung des Inhaltes","A free text natural language description of the questionnaire from a consumer's perspective.","This description can be used to capture details such as why the questionnaire was built, comments about misuse, instructions for clinical use and interpretation, literature references, examples from the paper world, etc. It is not a rendering of the questionnaire as conveyed in the 'text' field of the resource itself. This item SHOULD be populated unless the information is available from context (e.g. the language of the questionnaire is presumed to be the predominant language in the place the questionnaire was created).","","","","","","","","",,,,,"",,,,"Questionnaire.description",0,1,"","ele-1:All FHIR elements must have a @value or children {hasValue() or (children().count() > id.count())}
","Definition.description",".text"
"Questionnaire.useContext","Questionnaire.useContext","","","",1,*,"Y","","Y","UsageContext {[]} {[]}
","The context that the content is intended to support","The content was developed with a focus and intent of supporting the contexts that are listed. These contexts may be general categories (gender, age, ...) or may be references to specific programs (insurance plans, studies, ...) and may be used to assist with indexing and searching for appropriate questionnaire instances.","When multiple useContexts are specified, there is no expectation that all or any of the contexts apply.","Assist in searching for appropriate content.","","","","","","","",,,,,"",,,,"Questionnaire.useContext",0,*,"","ele-1:All FHIR elements must have a @value or children {hasValue() or (children().count() > id.count())}
","Definition.useContext","N/A (to add?)"
"Questionnaire.useContext.id","Questionnaire.useContext.id","","","",0,1,"","","","string {[]} {[]}
","Unique id for inter-element referencing","Unique id for the element within a resource (for internal references). This may be any string value that does not contain spaces.","","","","","","","","","",,,,,"",,,,"Element.id",0,1,"","","n/a"
"Questionnaire.useContext.extension","Questionnaire.useContext.extension","","extensions
user content","",0,*,"","","","Extension {[]} {[]}
","Additional content defined by implementations","May be used to represent additional information that is not part of the basic definition of the element. To make the use of extensions safe and manageable, there is a strict set of governance  applied to the definition and use of extensions. Though any implementer can define an extension, there is a set of requirements that SHALL be met as part of the definition of the extension.","There can be no stigma associated with the use of extensions by any application, project, or standard - regardless of the institution or jurisdiction that uses or defines the extensions.  The use of extensions is what allows the FHIR specification to retain a core level of simplicity for everyone.","","","","","","","","",,,,,"","value:url}
","Extensions are always sliced by (at least) url",,"open","Element.extension",0,*,"","ele-1:All FHIR elements must have a @value or children {hasValue() or (children().count() > id.count())}
ext-1:Must have either extensions or value[x], not both {extension.exists() != value.exists()}","n/a"
"Questionnaire.useContext.code","Questionnaire.useContext.code","","","",1,1,"","","Y","Coding {[]} {[]}
","Type of context being specified","A code that identifies the type of context being specified by this usage context.","","","","","","","","","",,"required","","http://fhir.de/ConsentManagement/ValueSet/QuestionnaireComponents","",,,,"UsageContext.code",1,1,"","ele-1:All FHIR elements must have a @value or children {hasValue() or (children().count() > id.count())}
"
"Questionnaire.useContext.code.id","Questionnaire.useContext.code.id","","","",0,1,"","","","string {[]} {[]}
","Unique id for inter-element referencing","Unique id for the element within a resource (for internal references). This may be any string value that does not contain spaces.","","","","","","","","","",,,,,"",,,,"Element.id",0,1,"","","n/a"
"Questionnaire.useContext.code.extension","Questionnaire.useContext.code.extension","","extensions
user content","",0,*,"","","","Extension {[]} {[]}
","Additional content defined by implementations","May be used to represent additional information that is not part of the basic definition of the element. To make the use of extensions safe and manageable, there is a strict set of governance  applied to the definition and use of extensions. Though any implementer can define an extension, there is a set of requirements that SHALL be met as part of the definition of the extension.","There can be no stigma associated with the use of extensions by any application, project, or standard - regardless of the institution or jurisdiction that uses or defines the extensions.  The use of extensions is what allows the FHIR specification to retain a core level of simplicity for everyone.","","","","","","","","",,,,,"","value:url}
","Extensions are always sliced by (at least) url",,"open","Element.extension",0,*,"","ele-1:All FHIR elements must have a @value or children {hasValue() or (children().count() > id.count())}
ext-1:Must have either extensions or value[x], not both {extension.exists() != value.exists()}","n/a"
"Questionnaire.useContext.code.system","Questionnaire.useContext.code.system","","","",1,1,"","","Y","uri {[]} {[]}
","Identity of the terminology system","The identification of the code system that defines the meaning of the symbol in the code.","The URI may be an OID (urn:oid:...) or a UUID (urn:uuid:...).  OIDs and UUIDs SHALL be references to the HL7 OID registry. Otherwise, the URI should come from HL7's list of FHIR defined special URIs or it should reference to some definition that establishes the system clearly and unambiguously.","Need to be unambiguous about the source of the definition of the symbol.","","","","","","","",,,,,"",,,,"Coding.system",0,1,"","ele-1:All FHIR elements must have a @value or children {hasValue() or (children().count() > id.count())}
","./codeSystem","C*E.3"
"Questionnaire.useContext.code.version","Questionnaire.useContext.code.version","","","",0,1,"","","Y","string {[]} {[]}
","Version of the system - if relevant","The version of the code system which was used when choosing this code. Note that a well-maintained code system does not need the version reported, because the meaning of codes is consistent across versions. However this cannot consistently be assured, and when the meaning is not guaranteed to be consistent, the version SHOULD be exchanged.","Where the terminology does not clearly define what string should be used to identify code system versions, the recommendation is to use the date (expressed in FHIR date format) on which that version was officially published as the version date.","","","","","","","","",,,,,"",,,,"Coding.version",0,1,"","ele-1:All FHIR elements must have a @value or children {hasValue() or (children().count() > id.count())}
","./codeSystemVersion","C*E.7"
"Questionnaire.useContext.code.code","Questionnaire.useContext.code.code","","","",1,1,"","","Y","code {[]} {[]}
","Symbol in syntax defined by the system","A symbol in syntax defined by the system. The symbol may be a predefined code or an expression in a syntax defined by the coding system (e.g. post-coordination).","","Need to refer to a particular code in the system.","","","","","","","",,,,,"",,,,"Coding.code",0,1,"","ele-1:All FHIR elements must have a @value or children {hasValue() or (children().count() > id.count())}
","./code","C*E.1"
"Questionnaire.useContext.code.display","Questionnaire.useContext.code.display","","","",0,1,"","","Y","string {[]} {[]}
","Representation defined by the system","A representation of the meaning of the code in the system, following the rules of the system.","","Need to be able to carry a human-readable meaning of the code for readers that do not know  the system.","","","","","","","",,,,,"",,,,"Coding.display",0,1,"","ele-1:All FHIR elements must have a @value or children {hasValue() or (children().count() > id.count())}
","CV.displayName","C*E.2 - but note this is not well followed"
"Questionnaire.useContext.code.userSelected","Questionnaire.useContext.code.userSelected","","","",0,1,"","","Y","boolean {[]} {[]}
","If this coding was chosen directly by the user","Indicates that this coding was chosen by a user directly - e.g. off a pick list of available items (codes or displays).","Amongst a set of alternatives, a directly chosen code is the most appropriate starting point for new translations. There is some ambiguity about what exactly 'directly chosen' implies, and trading partner agreement may be needed to clarify the use of this element and its consequences more completely.","This has been identified as a clinical safety criterium - that this exact system/code pair was chosen explicitly, rather than inferred by the system based on some rules or language processing.","","","","","","","",,,,,"",,,,"Coding.userSelected",0,1,"","ele-1:All FHIR elements must have a @value or children {hasValue() or (children().count() > id.count())}
","CD.codingRationale","Sometimes implied by being first"
"Questionnaire.useContext.value[x]","Questionnaire.useContext.value[x]","","","",1,1,"Y","","Y","Reference {[]} {[CanonicalType[https://ths-greifswald.de/fhir/gics/StructureDefinition/ConsentDomain]]}
","Value that defines the context","A value that defines the context specified in this context of use. The interpretation of the value is defined by the code.","","","","","","","","","",,,,,"",,,,"UsageContext.value[x]",1,1,"","ele-1:All FHIR elements must have a @value or children {hasValue() or (children().count() > id.count())}
"
"Questionnaire.useContext.value[x].id","Questionnaire.useContext.value[x].id","","","",0,1,"","","","string {[]} {[]}
","Unique id for inter-element referencing","Unique id for the element within a resource (for internal references). This may be any string value that does not contain spaces.","","","","","","","","","",,,,,"",,,,"Element.id",0,1,"","","n/a"
"Questionnaire.useContext.value[x].extension","Questionnaire.useContext.value[x].extension","","extensions
user content","",0,*,"","","","Extension {[]} {[]}
","Additional content defined by implementations","May be used to represent additional information that is not part of the basic definition of the element. To make the use of extensions safe and manageable, there is a strict set of governance  applied to the definition and use of extensions. Though any implementer can define an extension, there is a set of requirements that SHALL be met as part of the definition of the extension.","There can be no stigma associated with the use of extensions by any application, project, or standard - regardless of the institution or jurisdiction that uses or defines the extensions.  The use of extensions is what allows the FHIR specification to retain a core level of simplicity for everyone.","","","","","","","","",,,,,"","value:url}
","Extensions are always sliced by (at least) url",,"open","Element.extension",0,*,"","ele-1:All FHIR elements must have a @value or children {hasValue() or (children().count() > id.count())}
ext-1:Must have either extensions or value[x], not both {extension.exists() != value.exists()}","n/a"
"Questionnaire.useContext.value[x].reference","Questionnaire.useContext.value[x].reference","","","",1,1,"Y","","Y","string {[]} {[]}
","Literal reference, Relative, internal or absolute URL","A reference to a location at which the other resource is found. The reference may be a relative reference, in which case it is relative to the service base URL, or an absolute URL that resolves to the location where the resource is found. The reference may be version specific or not. If the reference is not to a FHIR RESTful server, then it should be assumed to be version specific. Internal fragment references (start with '#') refer to contained resources.","Using absolute URLs provides a stable scalable approach suitable for a cloud/web context, while using relative/logical references provides a flexible approach suitable for use when trading across closed eco-system boundaries.   Absolute URLs do not need to point to a FHIR RESTful server, though this is the preferred approach. If the URL conforms to the structure ""/[type]/[id]"" then it should be assumed that the reference is to a FHIR RESTful server.","","","","","","","","",,,,,"",,,,"Reference.reference",0,1,"ref-1
","ele-1:All FHIR elements must have a @value or children {hasValue() or (children().count() > id.count())}
","N/A"
"Questionnaire.useContext.value[x].type","Questionnaire.useContext.value[x].type","","","",0,1,"","","Y","uri {[]} {[]}
","Type the reference refers to (e.g. ""Patient"")","The expected type of the target of the reference. If both Reference.type and Reference.reference are populated and Reference.reference is a FHIR URL, both SHALL be consistent.

The type is the Canonical URL of Resource Definition that is the type this reference refers to. References are URLs that are relative to http://hl7.org/fhir/StructureDefinition/ e.g. ""Patient"" is a reference to http://hl7.org/fhir/StructureDefinition/Patient. Absolute URLs are only allowed for logical models (and can only be used in references in logical models, not resources).","This element is used to indicate the type of  the target of the reference. This may be used which ever of the other elements are populated (or not). In some cases, the type of the target may be determined by inspection of the reference (e.g. a RESTful URL) or by resolving the target of the reference; if both the type and a reference is provided, the reference SHALL resolve to a resource of the same type as that specified.","","","","","","","","",,"extensible","Aa resource (or, for logical models, the URI of the logical model).","http://hl7.org/fhir/ValueSet/resource-types","",,,,"Reference.type",0,1,"","ele-1:All FHIR elements must have a @value or children {hasValue() or (children().count() > id.count())}
","N/A"
"Questionnaire.useContext.value[x].identifier","Questionnaire.useContext.value[x].identifier","","","",0,1,"","","Y","Identifier {[]} {[]}
","Logical reference, when literal reference is not known","An identifier for the target resource. This is used when there is no way to reference the other resource directly, either because the entity it represents is not available through a FHIR server, or because there is no way for the author of the resource to convert a known identifier to an actual location. There is no requirement that a Reference.identifier point to something that is actually exposed as a FHIR instance, but it SHALL point to a business concept that would be expected to be exposed as a FHIR instance, and that instance would need to be of a FHIR resource type allowed by the reference.","When an identifier is provided in place of a reference, any system processing the reference will only be able to resolve the identifier to a reference if it understands the business context in which the identifier is used. Sometimes this is global (e.g. a national identifier) but often it is not. For this reason, none of the useful mechanisms described for working with references (e.g. chaining, includes) are possible, nor should servers be expected to be able resolve the reference. Servers may accept an identifier based reference untouched, resolve it, and/or reject it - see CapabilityStatement.rest.resource.referencePolicy. 

When both an identifier and a literal reference are provided, the literal reference is preferred. Applications processing the resource are allowed - but not required - to check that the identifier matches the literal reference

Applications converting a logical reference to a literal reference may choose to leave the logical reference present, or remove it.

Reference is intended to point to a structure that can potentially be expressed as a FHIR resource, though there is no need for it to exist as an actual FHIR resource instance - except in as much as an application wishes to actual find the target of the reference. The content referred to be the identifier must meet the logical constraints implied by any limitations on what resource types are permitted for the reference.  For example, it would not be legitimate to send the identifier for a drug prescription if the type were Reference(Observation|DiagnosticReport).  One of the use-cases for Reference.identifier is the situation where no FHIR representation exists (where the type is Reference (Any).","","","","","","","","",,,,,"",,,,"Reference.identifier",0,1,"","ele-1:All FHIR elements must have a @value or children {hasValue() or (children().count() > id.count())}
",".identifier"
"Questionnaire.useContext.value[x].display","Questionnaire.useContext.value[x].display","","","",0,1,"","","Y","string {[]} {[]}
","Text alternative for the resource","Plain text narrative that identifies the resource in addition to the resource reference.","This is generally not the same as the Resource.text of the referenced resource.  The purpose is to identify what's being referenced, not to fully describe it.","","","","","","","","",,,,,"",,,,"Reference.display",0,1,"","ele-1:All FHIR elements must have a @value or children {hasValue() or (children().count() > id.count())}
","N/A"
"Questionnaire.jurisdiction","Questionnaire.jurisdiction","","","",0,*,"","","Y","CodeableConcept {[]} {[]}
","Intended jurisdiction for questionnaire (if applicable)","A legal or geographic region in which the questionnaire is intended to be used.","It may be possible for the questionnaire to be used in jurisdictions other than those for which it was originally designed or intended.","","","","","","","","",,"extensible","Countries and regions within which this artifact is targeted for use.","http://hl7.org/fhir/ValueSet/jurisdiction","",,,,"Questionnaire.jurisdiction",0,*,"","ele-1:All FHIR elements must have a @value or children {hasValue() or (children().count() > id.count())}
","Definition.jurisdiction","N/A (to add?)"
"Questionnaire.purpose","Questionnaire.purpose","","","",0,1,"Y","","","markdown {[]} {[]}
","Zweckbeschreibung des Consent Modules","Explanation of why this questionnaire is needed and why it has been designed as it has.","This element does not describe the usage of the questionnaire. Instead, it provides traceability of ''why'' the resource is either needed or ''why'' it is defined as it is.  This may be used to point to source materials or specifications that drove the structure of this questionnaire.","","","","","","","","",,,,,"",,,,"Questionnaire.purpose",0,1,"","ele-1:All FHIR elements must have a @value or children {hasValue() or (children().count() > id.count())}
","Definition.purpose",".reasonCode.text","FiveWs.why[x]","no-gen-base"
"Questionnaire.copyright","Questionnaire.copyright","","License
Restrictions","",0,1,"","","","markdown {[]} {[]}
","Use and/or publishing restrictions","A copyright statement relating to the questionnaire and/or its contents. Copyright statements are generally legal restrictions on the use and publishing of the questionnaire.","","Consumers must be able to determine any legal restrictions on the use of the questionnaire and/or its content.","","","","","","","",,,,,"",,,,"Questionnaire.copyright",0,1,"","ele-1:All FHIR elements must have a @value or children {hasValue() or (children().count() > id.count())}
","Definition.copyright","N/A (to add?)","no-gen-base"
"Questionnaire.approvalDate","Questionnaire.approvalDate","","","",0,1,"","","","date {[]} {[]}
","When the questionnaire was approved by publisher","The date on which the resource content was approved by the publisher. Approval happens once when the content is officially approved for usage.","The 'date' element may be more recent than the approval date because of minor changes or editorial corrections.","","","","","","","","",,,,,"",,,,"Questionnaire.approvalDate",0,1,"","ele-1:All FHIR elements must have a @value or children {hasValue() or (children().count() > id.count())}
","Definition.approvalDate",".outboundRelationship[typeCode=""SUBJ""].act[classCode=CACT;moodCode=EVN;code=""approval""].effectiveTime","no-gen-base"
"Questionnaire.lastReviewDate","Questionnaire.lastReviewDate","","","",0,1,"","","","date {[]} {[]}
","When the questionnaire was last reviewed","The date on which the resource content was last reviewed. Review happens periodically after approval but does not change the original approval date.","If specified, this date follows the original approval date.","Gives a sense of how ""current"" the content is.  Resources that have not been reviewed in a long time may have a risk of being less appropriate/relevant.","","","","","","","",,,,,"",,,,"Questionnaire.lastReviewDate",0,1,"","ele-1:All FHIR elements must have a @value or children {hasValue() or (children().count() > id.count())}
","Definition.lastReviewDate",".outboundRelationship[typeCode=""SUBJ""; subsetCode=""RECENT""].act[classCode=CACT;moodCode=EVN;code=""review""].effectiveTime","no-gen-base"
"Questionnaire.effectivePeriod","Questionnaire.effectivePeriod","","","",0,1,"","","Y","Period {[]} {[]}
","When the questionnaire is expected to be used","The period during which the questionnaire content was or is planned to be in active use.","The effective period for a questionnaire  determines when the content is applicable for usage and is independent of publication and review dates. For example, a measure intended to be used for the year 2016 might be published in 2015.","Allows establishing a transition before a resource comes into effect and also allows for a sunsetting  process when new versions of the questionnaire are or are expected to be used instead.","","","","","","","",,,,,"",,,,"Questionnaire.effectivePeriod",0,1,"","ele-1:All FHIR elements must have a @value or children {hasValue() or (children().count() > id.count())}
","Definition.effectivePeriod","N/A (to add?)","no-gen-base"
"Questionnaire.code","Questionnaire.code","","","",0,*,"","","Y","Coding {[]} {[]}
","Concept that represents the overall questionnaire","An identifier for this question or group of questions in a particular terminology such as LOINC.","","Allows linking of the complete Questionnaire resources to formal terminologies.  It's common for ""panels"" of questions to be identified by a code.","","","","","","","",,"example","Codes for questionnaires, groups and individual questions.","http://hl7.org/fhir/ValueSet/questionnaire-questions","",,,,"Questionnaire.code",0,*,"","ele-1:All FHIR elements must have a @value or children {hasValue() or (children().count() > id.count())}
",".code"
"Questionnaire.item","Questionnaire.item","","","",1,1,"Y","","","BackboneElement {[]} {[]}
","Questions and sections within the Questionnaire","A particular question, question grouping or display text that is part of the questionnaire.","The content of the questionnaire is constructed from an ordered, hierarchical collection of items.","","","","","","","","",,,,,"",,,,"Questionnaire.item",0,*,"que-3
","ele-1:All FHIR elements must have a @value or children {hasValue() or (children().count() > id.count())}
que-1:Group items must have nested items, display items cannot have nested items {(type='group' implies item.empty().not()) and (type.trace('type')='display' implies item.trace('item').empty())}que-3:Display items cannot have a ""code"" asserted {type!='display' or code.empty()}que-4:A question cannot have both answerOption and answerValueSet {answerOption.empty() or answerValueSet.empty()}que-5:Only 'choice' and 'open-choice' items can have answerValueSet {(type ='choice' or type = 'open-choice' or type = 'decimal' or type = 'integer' or type = 'date' or type = 'dateTime' or type = 'time' or type = 'string' or type = 'quantity') or (answerValueSet.empty() and answerOption.empty())}que-6:Required and repeat aren't permitted for display items {type!='display' or (required.empty() and repeats.empty())}que-8:Initial values can't be specified for groups or display items {(type!='group' and type!='display') or initial.empty()}que-9:Read-only can't be specified for ""display"" items {type!='display' or readOnly.empty()}que-10:Maximum length can only be declared for simple question types {(type in ('boolean' | 'decimal' | 'integer' | 'string' | 'text' | 'url' | 'open-choice')) or maxLength.empty()}que-11:If one or more answerOption is present, initial[x] must be missing {answerOption.empty() or initial.empty()}que-12:If there are more than one enableWhen, enableBehavior must be specified {enableWhen.count() > 2 implies enableBehavior.exists()}que-13:Can only have multiple initial values for repeating items {repeats=true or initial.count() <= 1}",".outboundRelationship[typeCode=COMP].target[classCode=OBS, moodCode=DEF]"
"Questionnaire.item.id","Questionnaire.item.id","","","",0,1,"","","","string {[]} {[]}
","Unique id for inter-element referencing","Unique id for the element within a resource (for internal references). This may be any string value that does not contain spaces.","","","","","","","","","",,,,,"",,,,"Element.id",0,1,"","","n/a"
"Questionnaire.item.extension","Questionnaire.item.extension","","","",0,*,"","","","Extension {[]} {[]}
","Extension","An Extension","","","","","","","","","",,,,,"","value:url}
","",,"open","Element.extension",0,*,"","ele-1:All FHIR elements must have a @value or children {hasValue() or (children().count() > id.count())}
ext-1:Must have either extensions or value[x], not both {extension.exists() != value.exists()}"
"Questionnaire.item.extension:xacmlTemplate","Questionnaire.item.extension","xacmlTemplate","","",0,*,"Y","","","Extension {[CanonicalType[http://fhir.de/ConsentManagement/StructureDefinition/XacmlTemplate]]} {[]}
","Optional Extensions Element","Optional Extension Element - found in all resources.","","","","","","","","","",,,,,"",,,,"Element.extension",0,*,"ele-1
","ele-1:All FHIR elements must have a @value or children {hasValue() or (children().count() > id.count())}
ext-1:Must have either extensions or value[x], not both {extension.exists() != value.exists()}ele-1:All FHIR elements must have a @value or children {hasValue() or (children().count() > id.count())}ext-1:Must have either extensions or value[x], not both {extension.exists() != value.exists()}","n/a","N/A"
"Questionnaire.item.extension:xacmlTemplate.id","Questionnaire.item.extension.id","","","",0,1,"","","","string {[]} {[]}
","Unique id for inter-element referencing","Unique id for the element within a resource (for internal references). This may be any string value that does not contain spaces.","","","","","","","","","",,,,,"",,,,"Element.id",0,1,"","","n/a"
"Questionnaire.item.extension:xacmlTemplate.extension","Questionnaire.item.extension.extension","","","",0,*,"","","","Extension {[]} {[]}
","Extension","An Extension","","","","","","","","","",,,,,"","value:url}
","Extensions are always sliced by (at least) url",,"open","Element.extension",0,*,"","ele-1:All FHIR elements must have a @value or children {hasValue() or (children().count() > id.count())}
ext-1:Must have either extensions or value[x], not both {extension.exists() != value.exists()}"
"Questionnaire.item.extension:xacmlTemplate.extension:expression","Questionnaire.item.extension.extension","expression","","",1,1,"","","","Extension {[]} {[]}
","XACML-Ausdruck der Policy / des PolicySets","An Extension","","","","","","","","","",,,,,"",,,,"Element.extension",0,*,"","ele-1:All FHIR elements must have a @value or children {hasValue() or (children().count() > id.count())}
ext-1:Must have either extensions or value[x], not both {extension.exists() != value.exists()}"
"Questionnaire.item.extension:xacmlTemplate.extension:expression.id","Questionnaire.item.extension.extension.id","","","",0,1,"","","","string {[]} {[]}
","Unique id for inter-element referencing","Unique id for the element within a resource (for internal references). This may be any string value that does not contain spaces.","","","","","","","","","",,,,,"",,,,"Element.id",0,1,"","","n/a"
"Questionnaire.item.extension:xacmlTemplate.extension:expression.extension","Questionnaire.item.extension.extension.extension","","extensions
user content","",0,*,"","","","Extension {[]} {[]}
","Additional content defined by implementations","May be used to represent additional information that is not part of the basic definition of the element. To make the use of extensions safe and manageable, there is a strict set of governance  applied to the definition and use of extensions. Though any implementer can define an extension, there is a set of requirements that SHALL be met as part of the definition of the extension.","There can be no stigma associated with the use of extensions by any application, project, or standard - regardless of the institution or jurisdiction that uses or defines the extensions.  The use of extensions is what allows the FHIR specification to retain a core level of simplicity for everyone.","","","","","","","","",,,,,"","value:url}
","Extensions are always sliced by (at least) url",,"open","Element.extension",0,*,"","ele-1:All FHIR elements must have a @value or children {hasValue() or (children().count() > id.count())}
ext-1:Must have either extensions or value[x], not both {extension.exists() != value.exists()}","n/a"
"Questionnaire.item.extension:xacmlTemplate.extension:expression.url","Questionnaire.item.extension.extension.url","","","",1,1,"","","","uri {[]} {[]}
","identifies the meaning of the extension","Source of the definition for the extension code - a logical name or a URL.","The definition may point directly to a computable or human-readable definition of the extensibility codes, or it may be a logical URI as declared in some other specification. The definition SHALL be a URI for the Structure Definition defining the extension.","","","","<valueUri xmlns=""http://hl7.org/fhir"" value=""expression""/>","","","","",,,,,"",,,,"Extension.url",1,1,"","","N/A"
"Questionnaire.item.extension:xacmlTemplate.extension:expression.value[x]","Questionnaire.item.extension.extension.value[x]","","","",1,1,"","","","base64Binary {[]} {[]}
","Value of extension","Value of extension - must be one of a constrained set of the data types (see [Extensibility](http://hl7.org/fhir/R4/extensibility.html) for a list).","","","","","","","","","",,,,,"",,,,"Extension.value[x]",0,1,"","ele-1:All FHIR elements must have a @value or children {hasValue() or (children().count() > id.count())}
","N/A"
"Questionnaire.item.extension:xacmlTemplate.extension:label","Questionnaire.item.extension.extension","label","","",0,1,"","","","Extension {[]} {[]}
","Menschenlesbare Beschreibung der Policy / des PolicySets","An Extension","","","","","","","","","",,,,,"",,,,"Element.extension",0,*,"","ele-1:All FHIR elements must have a @value or children {hasValue() or (children().count() > id.count())}
ext-1:Must have either extensions or value[x], not both {extension.exists() != value.exists()}"
"Questionnaire.item.extension:xacmlTemplate.extension:label.id","Questionnaire.item.extension.extension.id","","","",0,1,"","","","string {[]} {[]}
","Unique id for inter-element referencing","Unique id for the element within a resource (for internal references). This may be any string value that does not contain spaces.","","","","","","","","","",,,,,"",,,,"Element.id",0,1,"","","n/a"
"Questionnaire.item.extension:xacmlTemplate.extension:label.extension","Questionnaire.item.extension.extension.extension","","extensions
user content","",0,*,"","","","Extension {[]} {[]}
","Additional content defined by implementations","May be used to represent additional information that is not part of the basic definition of the element. To make the use of extensions safe and manageable, there is a strict set of governance  applied to the definition and use of extensions. Though any implementer can define an extension, there is a set of requirements that SHALL be met as part of the definition of the extension.","There can be no stigma associated with the use of extensions by any application, project, or standard - regardless of the institution or jurisdiction that uses or defines the extensions.  The use of extensions is what allows the FHIR specification to retain a core level of simplicity for everyone.","","","","","","","","",,,,,"","value:url}
","Extensions are always sliced by (at least) url",,"open","Element.extension",0,*,"","ele-1:All FHIR elements must have a @value or children {hasValue() or (children().count() > id.count())}
ext-1:Must have either extensions or value[x], not both {extension.exists() != value.exists()}","n/a"
"Questionnaire.item.extension:xacmlTemplate.extension:label.url","Questionnaire.item.extension.extension.url","","","",1,1,"","","","uri {[]} {[]}
","identifies the meaning of the extension","Source of the definition for the extension code - a logical name or a URL.","The definition may point directly to a computable or human-readable definition of the extensibility codes, or it may be a logical URI as declared in some other specification. The definition SHALL be a URI for the Structure Definition defining the extension.","","","","<valueUri xmlns=""http://hl7.org/fhir"" value=""label""/>","","","","",,,,,"",,,,"Extension.url",1,1,"","","N/A"
"Questionnaire.item.extension:xacmlTemplate.extension:label.value[x]","Questionnaire.item.extension.extension.value[x]","","","",1,1,"","","","string {[]} {[]}
","Value of extension","Value of extension - must be one of a constrained set of the data types (see [Extensibility](http://hl7.org/fhir/R4/extensibility.html) for a list).","","","","","","","","","",,,,,"",,,,"Extension.value[x]",0,1,"","ele-1:All FHIR elements must have a @value or children {hasValue() or (children().count() > id.count())}
","N/A"
"Questionnaire.item.extension:xacmlTemplate.url","Questionnaire.item.extension.url","","","",1,1,"","","","uri {[]} {[]}
","identifies the meaning of the extension","Source of the definition for the extension code - a logical name or a URL.","The definition may point directly to a computable or human-readable definition of the extensibility codes, or it may be a logical URI as declared in some other specification. The definition SHALL be a URI for the Structure Definition defining the extension.","","","","<valueUri xmlns=""http://hl7.org/fhir"" value=""http://fhir.de/ConsentManagement/StructureDefinition/XacmlTemplate""/>","","","","",,,,,"",,,,"Extension.url",1,1,"","","N/A"
"Questionnaire.item.extension:xacmlTemplate.value[x]","Questionnaire.item.extension.value[x]","","","",0,0,"Y","","","base64Binary {[]} {[]}
boolean {[]} {[]}canonical {[]} {[]}code {[]} {[]}date {[]} {[]}dateTime {[]} {[]}decimal {[]} {[]}id {[]} {[]}instant {[]} {[]}integer {[]} {[]}markdown {[]} {[]}oid {[]} {[]}positiveInt {[]} {[]}string {[]} {[]}time {[]} {[]}unsignedInt {[]} {[]}uri {[]} {[]}url {[]} {[]}uuid {[]} {[]}Address {[]} {[]}Age {[]} {[]}Annotation {[]} {[]}Attachment {[]} {[]}CodeableConcept {[]} {[]}Coding {[]} {[]}ContactPoint {[]} {[]}Count {[]} {[]}Distance {[]} {[]}Duration {[]} {[]}HumanName {[]} {[]}Identifier {[]} {[]}Money {[]} {[]}Period {[]} {[]}Quantity {[]} {[]}Range {[]} {[]}Ratio {[]} {[]}Reference {[]} {[]}SampledData {[]} {[]}Signature {[]} {[]}Timing {[]} {[]}ContactDetail {[]} {[]}Contributor {[]} {[]}DataRequirement {[]} {[]}Expression {[]} {[]}ParameterDefinition {[]} {[]}RelatedArtifact {[]} {[]}TriggerDefinition {[]} {[]}UsageContext {[]} {[]}Dosage {[]} {[]}","Value of extension","Value of extension - must be one of a constrained set of the data types (see [Extensibility](http://hl7.org/fhir/R4/extensibility.html) for a list).","","","","","","","","","",,,,,"",,,,"Extension.value[x]",0,1,"","ele-1:All FHIR elements must have a @value or children {hasValue() or (children().count() > id.count())}
","N/A"
"Questionnaire.item.extension:designNote","Questionnaire.item.extension","designNote","","",0,*,"Y","","","Extension {[CanonicalType[http://hl7.org/fhir/StructureDefinition/designNote]]} {[]}
","Design comments","Information captured by the author/maintainer of the questionnaire for development purposes, not intended to be seen by users.","Allows capture of todos, rationale for design decisions, etc.","","","","","","","","",,,,,"",,,,"Element.extension",0,*,"ele-1
","ele-1:All FHIR elements must have a @value or children {hasValue() or (children().count() > id.count())}
ext-1:Must have either extensions or value[x], not both {extension.exists() != value.exists()}ele-1:All FHIR elements must have a @value or children {hasValue() or (children().count() > id.count())}ext-1:Must have either extensions or value[x], not both {extension.exists() != value.exists()}"
"Questionnaire.item.extension:label","Questionnaire.item.extension","label","","Label",0,1,"Y","","","Extension {[CanonicalType[https://ths-greifswald.de/fhir/StructureDefinition/gics/QuestionnaireLabel]]} {[]}
","Label des Consent Moduls","Label des Consent Moduls","Label des Consent Moduls","","","","","","","","",,,,,"",,,,"Element.extension",0,*,"","ele-1:All FHIR elements must have a @value or children {hasValue() or (children().count() > id.count())}
ext-1:Must have either extensions or value[x], not both {extension.exists() != value.exists()}"
"Questionnaire.item.extension:assignedPolicy","Questionnaire.item.extension","assignedPolicy","","",0,*,"Y","","","Extension {[CanonicalType[https://ths-greifswald.de/fhir/StructureDefinition/gics/ConsentPolicyReference]]} {[]}
","Assigned Policies","Dem Modul zugeordnete Policies","","","","","","","","","",,,,,"",,,,"Element.extension",0,*,"","ele-1:All FHIR elements must have a @value or children {hasValue() or (children().count() > id.count())}
ext-1:Must have either extensions or value[x], not both {extension.exists() != value.exists()}"
"Questionnaire.item.extension:externalProperties","Questionnaire.item.extension","externalProperties","","externalProperties",0,*,"Y","","","Extension {[CanonicalType[https://ths-greifswald.de/fhir/StructureDefinition/gics/ExternalProperty]]} {[]}
","externalProperties","Liste frei konfigurierbarer external Properties nach dem KeyValuePrinzip zur Auswertung durch externe Anwendersysteme","","","","","","","","","",,,,,"",,,,"Element.extension",0,*,"","ele-1:All FHIR elements must have a @value or children {hasValue() or (children().count() > id.count())}
ext-1:Must have either extensions or value[x], not both {extension.exists() != value.exists()}"
"Questionnaire.item.extension:shortText","Questionnaire.item.extension","shortText","","",0,1,"Y","","","Extension {[CanonicalType[https://ths-greifswald.de/fhir/StructureDefinition/gics/ShortText]]} {[]}
","Format von Policyversionsangaben","Format von Versionsangaben für Policies","Werden sowohl formatString als auch formatExpression angegeben, müssen diese synonym sein.","","","","","","","","",,,,,"",,,,"Element.extension",0,*,"","ele-1:All FHIR elements must have a @value or children {hasValue() or (children().count() > id.count())}
ext-1:Must have either extensions or value[x], not both {extension.exists() != value.exists()}"
"Questionnaire.item.modifierExtension","Questionnaire.item.modifierExtension","","extensions
user contentmodifiers","",0,*,"","Y","Y","Extension {[]} {[]}
","Extensions that cannot be ignored even if unrecognized","May be used to represent additional information that is not part of the basic definition of the element and that modifies the understanding of the element in which it is contained and/or the understanding of the containing element's descendants. Usually modifier elements provide negation or qualification. To make the use of extensions safe and manageable, there is a strict set of governance applied to the definition and use of extensions. Though any implementer can define an extension, there is a set of requirements that SHALL be met as part of the definition of the extension. Applications processing a resource are required to check for modifier extensions.

Modifier extensions SHALL NOT change the meaning of any elements on Resource or DomainResource (including cannot change the meaning of modifierExtension itself).","There can be no stigma associated with the use of extensions by any application, project, or standard - regardless of the institution or jurisdiction that uses or defines the extensions.  The use of extensions is what allows the FHIR specification to retain a core level of simplicity for everyone.","Modifier extensions allow for extensions that *cannot* be safely ignored to be clearly distinguished from the vast majority of extensions which can be safely ignored.  This promotes interoperability by eliminating the need for implementers to prohibit the presence of extensions. For further information, see the [definition of modifier extensions](http://hl7.org/fhir/R4/extensibility.html#modifierExtension).","","","","","","","",,,,,"",,,,"BackboneElement.modifierExtension",0,*,"","ele-1:All FHIR elements must have a @value or children {hasValue() or (children().count() > id.count())}
ext-1:Must have either extensions or value[x], not both {extension.exists() != value.exists()}","N/A"
"Questionnaire.item.linkId","Questionnaire.item.linkId","","","",1,1,"Y","","","string {[]} {[]}
","Unique id for item in questionnaire","An identifier that is unique within the Questionnaire allowing linkage to the equivalent item in a QuestionnaireResponse resource.","This ''can'' be a meaningful identifier (e.g. a LOINC code) but is not intended to have any meaning.  GUIDs or sequential numbers are appropriate here.","[QuestionnaireResponse](http://hl7.org/fhir/R4/questionnaireresponse.html#) does not require omitted items to be included and may have some items that repeat, so linkage based on position alone is not sufficient.","","","","","","","",,,,,"",,,,"Questionnaire.item.linkId",1,1,"","ele-1:All FHIR elements must have a @value or children {hasValue() or (children().count() > id.count())}
",".id"
"Questionnaire.item.definition","Questionnaire.item.definition","","","",0,1,"","","","uri {[]} {[]}
","ElementDefinition - details for the item","This element is a URI that refers to an [ElementDefinition](http://hl7.org/fhir/R4/elementdefinition.html) that provides information about this item, including information that might otherwise be included in the instance of the Questionnaire resource. A detailed description of the construction of the URI is shown in Comments, below. If this element is present then the following element values MAY be derived from the Element Definition if the corresponding elements of this Questionnaire resource instance have no value:

* code (ElementDefinition.code) 
* type (ElementDefinition.type) 
* required (ElementDefinition.min) 
* repeats (ElementDefinition.max) 
* maxLength (ElementDefinition.maxLength) 
* answerValueSet (ElementDefinition.binding)
* options (ElementDefinition.binding).","The uri refers to an ElementDefinition in a [StructureDefinition](http://hl7.org/fhir/R4/structuredefinition.html#) and always starts with the [canonical URL](http://hl7.org/fhir/R4/references.html#canonical) for the target resource. When referring to a StructureDefinition, a fragment identifier is used to specify the element definition by its id [Element.id](http://hl7.org/fhir/R4/element-definitions.html#Element.id). E.g. http://hl7.org/fhir/StructureDefinition/Observation#Observation.value[x]. In the absence of a fragment identifier, the first/root element definition in the target is the matching element definition.","A common pattern is to define a set of data elements and then build multiple questionnaires for different circumstances to gather the data. This element provides traceability to the common definition and allows the content for the question to come from the underlying definition.","","","","","","","",,,,,"",,,,"Questionnaire.item.definition",0,1,"","ele-1:All FHIR elements must have a @value or children {hasValue() or (children().count() > id.count())}
",".outboundRelationship[typeCode=INST].target[classCode=OBS, moodCode=DEF]"
"Questionnaire.item.code","Questionnaire.item.code","","","",0,*,"","","","Coding {[]} {[]}
","Corresponding concept for this item in a terminology","A terminology code that corresponds to this group or question (e.g. a code from LOINC, which defines many questions and answers).","The value may come from the ElementDefinition referred to by .definition.","Allows linking of groups of questions to formal terminologies.","","","","","","","",,"example","Codes for questionnaires, groups and individual questions.","http://hl7.org/fhir/ValueSet/questionnaire-questions","",,,,"Questionnaire.item.code",0,*,"que-3
","ele-1:All FHIR elements must have a @value or children {hasValue() or (children().count() > id.count())}
",".code"
"Questionnaire.item.prefix","Questionnaire.item.prefix","","label
","",0,1,"","","","string {[]} {[]}
","E.g. ""1(a)"", ""2.5.3""","A short label for a particular group, question or set of display text within the questionnaire used for reference by the individual completing the questionnaire.","These are generally unique within a questionnaire, though this is not guaranteed. Some questionnaires may have multiple questions with the same label with logic to control which gets exposed.  Typically, these won't be used for ""display"" items, though such use is not prohibited.  Systems SHOULD NOT generate their own prefixes if prefixes are defined for any items within a Questionnaire.","Separating the label from the question text allows improved rendering.  Also, instructions will often refer to specific prefixes, so there's a need for the questionnaire design to have control over what labels are used.","","","","","","","",,,,,"",,,,"Questionnaire.item.prefix",0,1,"","ele-1:All FHIR elements must have a @value or children {hasValue() or (children().count() > id.count())}
","Not supported"
"Questionnaire.item.text","Questionnaire.item.text","","","",0,1,"Y","","","string {[]} {[]}
","Vollständiger Text des Moduls aus dem Einwilligungsdokument","The name of a section, the text of a question or text content for a display item.","Hier wird der unformatierte Text abgelegt.
Zur formatierten Ablage kann die spezifizierte rendering-markdown-Extension verwendet werden.
In diesem Fall muss der reine Textinhalt identisch sein.","","","","","","","","",,,,,"",,,,"Questionnaire.item.text",0,1,"","ele-1:All FHIR elements must have a @value or children {hasValue() or (children().count() > id.count())}
cm-1:Wenn der Text im Markdown-Format angegeben ist, muss er auch als Klartext angegeben sein. {extension('http://hl7.org/fhir/StructureDefinition/rendering-markdown').empty() or hasValue()}",".text"
"Questionnaire.item.text.id","Questionnaire.item.text.id","","","",0,1,"","","","string {[]} {[]}
","xml:id (or equivalent in JSON)","unique id for the element within a resource (for internal references)","","","","","","","","","",,,,,"",,,,"Element.id",0,1,"",""
"Questionnaire.item.text.extension","Questionnaire.item.text.extension","","","",0,*,"","","","Extension {[]} {[]}
","Extension","An Extension","","","","","","","","","",,,,,"","value:url}
","",,"open","Element.extension",0,*,"","ele-1:All FHIR elements must have a @value or children {hasValue() or (children().count() > id.count())}
ext-1:Must have either extensions or value[x], not both {extension.exists() != value.exists()}"
"Questionnaire.item.text.extension:renderingMarkdown","Questionnaire.item.text.extension","renderingMarkdown","","",0,*,"","","","Extension {[CanonicalType[http://hl7.org/fhir/StructureDefinition/rendering-markdown]]} {[]}
","String equivalent with markdown","This is an equivalent of the string on which the extension is sent, but includes additional markdown (see documentation about [markdown](http://hl7.org/fhir/R4/datatypes.html#markdown). Note that using HTML  [xhtml](http://hl7.org/fhir/R4/extension-rendering-xhtml.html) can allow for greater precision of display.","","","","","","","","","",,,,,"",,,,"Element.extension",0,*,"ele-1
","ele-1:All FHIR elements must have a @value or children {hasValue() or (children().count() > id.count())}
ext-1:Must have either extensions or value[x], not both {extension.exists() != value.exists()}ele-1:All FHIR elements must have a @value or children {hasValue() or (children().count() > id.count())}ext-1:Must have either extensions or value[x], not both {extension.exists() != value.exists()}","ED can be markdown content"
"Questionnaire.item.text.extension:renderingMarkdown.id","Questionnaire.item.text.extension.id","","","",0,1,"","","","id {[]} {[]}
","Unique id for inter-element referencing","Unique id for the element within a resource (for internal references). This may be any string value that does not contain spaces.","","","","","","","","","",,,,,"",,,,"Element.id",0,1,"ele-1
","","n/a"
"Questionnaire.item.text.extension:renderingMarkdown.extension","Questionnaire.item.text.extension.extension","","","",0,0,"","","","Extension {[]} {[]}
","Extension","An Extension","","","","","","","","","",,,,,"","value:url}
","Extensions are always sliced by (at least) url",,"open","Element.extension",0,*,"","ele-1:All FHIR elements must have a @value or children {hasValue() or (children().count() > id.count())}
ext-1:Must have either extensions or value[x], not both {extension.exists() != value.exists()}"
"Questionnaire.item.text.extension:renderingMarkdown.url","Questionnaire.item.text.extension.url","","","",1,1,"","","","uri {[]} {[]}
","identifies the meaning of the extension","Source of the definition for the extension code - a logical name or a URL.","The definition may point directly to a computable or human-readable definition of the extensibility codes, or it may be a logical URI as declared in some other specification. The definition SHALL be a URI for the Structure Definition defining the extension.","","","","<valueUri xmlns=""http://hl7.org/fhir"" value=""http://hl7.org/fhir/StructureDefinition/rendering-markdown""/>","","","","",,,,,"",,,,"Extension.url",1,1,"","","N/A"
"Questionnaire.item.text.extension:renderingMarkdown.value[x]","Questionnaire.item.text.extension.value[x]","","","",1,1,"","","","markdown {[]} {[]}
","Value of extension","Value of extension - must be one of a constrained set of the data types (see [Extensibility](http://hl7.org/fhir/R5/extensibility.html) for a list).","","","","","","","","","",,,,,"","type:$this}
","",,"open","Extension.value[x]",0,1,"ext-1
","ele-1:All FHIR elements must have a @value or children {hasValue() or (children().count() > id.count())}
","N/A"
"Questionnaire.item.text.extension:renderingXhtml","Questionnaire.item.text.extension","renderingXhtml","","",0,*,"","","","Extension {[CanonicalType[http://hl7.org/fhir/StructureDefinition/rendering-xhtml]]} {[]}
","String equivalent with html markup","This is an equivalent of the string on which the extension is sent, but includes additional XHTML markup, such as bold, italics, styles, tables, etc. Existing [restrictions on XHTML content](http://hl7.org/fhir/R4/narrative.html#security) apply. Note that using [markdown](http://hl7.org/fhir/R4/extension-rendering-markdown.html) allows for greater flexibility of display.","","","","","","","","","",,,,,"",,,,"Element.extension",0,*,"ele-1
","ele-1:All FHIR elements must have a @value or children {hasValue() or (children().count() > id.count())}
ext-1:Must have either extensions or value[x], not both {extension.exists() != value.exists()}ele-1:All FHIR elements must have a @value or children {hasValue() or (children().count() > id.count())}ext-1:Must have either extensions or value[x], not both {extension.exists() != value.exists()}","ED can be XHTML content"
"Questionnaire.item.text.extension:renderingXhtml.id","Questionnaire.item.text.extension.id","","","",0,1,"","","","id {[]} {[]}
","Unique id for inter-element referencing","Unique id for the element within a resource (for internal references). This may be any string value that does not contain spaces.","","","","","","","","","",,,,,"",,,,"Element.id",0,1,"ele-1
","","n/a"
"Questionnaire.item.text.extension:renderingXhtml.extension","Questionnaire.item.text.extension.extension","","","",0,0,"","","","Extension {[]} {[]}
","Extension","An Extension","","","","","","","","","",,,,,"","value:url}
","Extensions are always sliced by (at least) url",,"open","Element.extension",0,*,"","ele-1:All FHIR elements must have a @value or children {hasValue() or (children().count() > id.count())}
ext-1:Must have either extensions or value[x], not both {extension.exists() != value.exists()}"
"Questionnaire.item.text.extension:renderingXhtml.url","Questionnaire.item.text.extension.url","","","",1,1,"","","","uri {[]} {[]}
","identifies the meaning of the extension","Source of the definition for the extension code - a logical name or a URL.","The definition may point directly to a computable or human-readable definition of the extensibility codes, or it may be a logical URI as declared in some other specification. The definition SHALL be a URI for the Structure Definition defining the extension.","","","","<valueUri xmlns=""http://hl7.org/fhir"" value=""http://hl7.org/fhir/StructureDefinition/rendering-xhtml""/>","","","","",,,,,"",,,,"Extension.url",1,1,"","","N/A"
"Questionnaire.item.text.extension:renderingXhtml.value[x]","Questionnaire.item.text.extension.value[x]","","","",1,1,"","","","string {[]} {[]}
","Value of extension","Value of extension - must be one of a constrained set of the data types (see [Extensibility](http://hl7.org/fhir/R5/extensibility.html) for a list).","","","","","","","","","",,,,,"","type:$this}
","",,"open","Extension.value[x]",0,1,"ext-1
","ele-1:All FHIR elements must have a @value or children {hasValue() or (children().count() > id.count())}
","N/A"
"Questionnaire.item.text.value","Questionnaire.item.text.value","","","",0,1,"","","","string {[]} {[]}
","Primitive value for string","The actual value","","","","","","","","","",1048576,,,,"",,,,"string.value",0,1,"",""
"Questionnaire.item.type","Questionnaire.item.type","","","",1,1,"Y","","","code {[]} {[]}
","group | display | boolean | decimal | integer | date | dateTime +","The type of questionnaire item this is - whether text for display, a grouping of other items or a particular type of data to be captured (string, integer, coded choice, etc.).","Additional constraints on the type of answer can be conveyed by extensions. The value may come from the ElementDefinition referred to by .definition.","Defines the format in which the user is to be prompted for the answer.","","","","","","","",,"required","Distinguishes groups from questions and display text and indicates data type for questions.","http://hl7.org/fhir/ValueSet/item-type|4.0.1","",,,,"Questionnaire.item.type",1,1,"","ele-1:All FHIR elements must have a @value or children {hasValue() or (children().count() > id.count())}
","N/A - MIF rather than RIM level"
"Questionnaire.item.enableWhen","Questionnaire.item.enableWhen","","","",0,*,"","Y","","BackboneElement {[]} {[]}
","Only allow data when","A constraint indicating that this item should only be enabled (displayed/allow answers to be captured) when the specified condition is true.","If multiple repetitions of this extension are present, the item should be enabled when the condition for *any* of the repetitions is true.  I.e. treat ""enableWhen""s as being joined by an ""or"" clause.  This element is a modifier because if enableWhen is present for an item, ""required"" is ignored unless one of the enableWhen conditions is met. When an item is disabled, all of its descendants are disabled, regardless of what their own enableWhen logic might evaluate to.","Allows questionnaires to adapt based on answers to other questions. E.g. If physical gender is specified as a male, no need to capture pregnancy history.  Also allows conditional display of instructions or groups of questions.","","","","","","","",,,,,"",,,,"Questionnaire.item.enableWhen",0,*,"","ele-1:All FHIR elements must have a @value or children {hasValue() or (children().count() > id.count())}
que-7:If the operator is 'exists', the value must be a boolean {operator = 'exists' implies (answer is Boolean)}","N/A - MIF rather than RIM level"
"Questionnaire.item.enableWhen.id","Questionnaire.item.enableWhen.id","","","",0,1,"","","","string {[]} {[]}
","Unique id for inter-element referencing","Unique id for the element within a resource (for internal references). This may be any string value that does not contain spaces.","","","","","","","","","",,,,,"",,,,"Element.id",0,1,"","","n/a"
"Questionnaire.item.enableWhen.extension","Questionnaire.item.enableWhen.extension","","extensions
user content","",0,*,"","","","Extension {[]} {[]}
","Additional content defined by implementations","May be used to represent additional information that is not part of the basic definition of the element. To make the use of extensions safe and manageable, there is a strict set of governance  applied to the definition and use of extensions. Though any implementer can define an extension, there is a set of requirements that SHALL be met as part of the definition of the extension.","There can be no stigma associated with the use of extensions by any application, project, or standard - regardless of the institution or jurisdiction that uses or defines the extensions.  The use of extensions is what allows the FHIR specification to retain a core level of simplicity for everyone.","","","","","","","","",,,,,"",,,,"Element.extension",0,*,"","ele-1:All FHIR elements must have a @value or children {hasValue() or (children().count() > id.count())}
ext-1:Must have either extensions or value[x], not both {extension.exists() != value.exists()}","n/a"
"Questionnaire.item.enableWhen.modifierExtension","Questionnaire.item.enableWhen.modifierExtension","","extensions
user contentmodifiers","",0,*,"","Y","Y","Extension {[]} {[]}
","Extensions that cannot be ignored even if unrecognized","May be used to represent additional information that is not part of the basic definition of the element and that modifies the understanding of the element in which it is contained and/or the understanding of the containing element's descendants. Usually modifier elements provide negation or qualification. To make the use of extensions safe and manageable, there is a strict set of governance applied to the definition and use of extensions. Though any implementer can define an extension, there is a set of requirements that SHALL be met as part of the definition of the extension. Applications processing a resource are required to check for modifier extensions.

Modifier extensions SHALL NOT change the meaning of any elements on Resource or DomainResource (including cannot change the meaning of modifierExtension itself).","There can be no stigma associated with the use of extensions by any application, project, or standard - regardless of the institution or jurisdiction that uses or defines the extensions.  The use of extensions is what allows the FHIR specification to retain a core level of simplicity for everyone.","Modifier extensions allow for extensions that *cannot* be safely ignored to be clearly distinguished from the vast majority of extensions which can be safely ignored.  This promotes interoperability by eliminating the need for implementers to prohibit the presence of extensions. For further information, see the [definition of modifier extensions](http://hl7.org/fhir/R4/extensibility.html#modifierExtension).","","","","","","","",,,,,"",,,,"BackboneElement.modifierExtension",0,*,"","ele-1:All FHIR elements must have a @value or children {hasValue() or (children().count() > id.count())}
ext-1:Must have either extensions or value[x], not both {extension.exists() != value.exists()}","N/A"
"Questionnaire.item.enableWhen.question","Questionnaire.item.enableWhen.question","","","",1,1,"","","","string {[]} {[]}
","Question that determines whether item is enabled","The linkId for the question whose answer (or lack of answer) governs whether this item is enabled.","If multiple question occurrences are present for the same question (same linkId), then this refers to the nearest question occurrence reachable by tracing first the ""ancestor"" axis and then the ""preceding"" axis and then the ""following"" axis.","","","","","","","","",,,,,"",,,,"Questionnaire.item.enableWhen.question",1,1,"","ele-1:All FHIR elements must have a @value or children {hasValue() or (children().count() > id.count())}
","N/A - MIF rather than RIM level"
"Questionnaire.item.enableWhen.operator","Questionnaire.item.enableWhen.operator","","","",1,1,"","","","code {[]} {[]}
","exists | = | != | > | < | >= | <=","Specifies the criteria by which the question is enabled.","","","","","","","","","",,"required","The criteria by which a question is enabled.","http://hl7.org/fhir/ValueSet/questionnaire-enable-operator|4.0.1","",,,,"Questionnaire.item.enableWhen.operator",1,1,"","ele-1:All FHIR elements must have a @value or children {hasValue() or (children().count() > id.count())}
","N/A - MIF rather than RIM level"
"Questionnaire.item.enableWhen.answer[x]","Questionnaire.item.enableWhen.answer[x]","","","",1,1,"","","","boolean {[]} {[]}
decimal {[]} {[]}integer {[]} {[]}date {[]} {[]}dateTime {[]} {[]}time {[]} {[]}string {[]} {[]}Coding {[]} {[]}Quantity {[]} {[]}Reference {[]} {[CanonicalType[http://hl7.org/fhir/StructureDefinition/Resource]]}","Value for question comparison based on operator","A value that the referenced question is tested using the specified operator in order for the item to be enabled.","","","","","","","","","",,"example","Allowed values to answer questions.","http://hl7.org/fhir/ValueSet/questionnaire-answers","",,,,"Questionnaire.item.enableWhen.answer[x]",1,1,"que-7
","ele-1:All FHIR elements must have a @value or children {hasValue() or (children().count() > id.count())}
","N/A - MIF rather than RIM level"
"Questionnaire.item.enableBehavior","Questionnaire.item.enableBehavior","","","",0,1,"","","","code {[]} {[]}
","all | any","Controls how multiple enableWhen values are interpreted -  whether all or any must be true.","This element must be specified if more than one enableWhen value is provided.","","","","","","","","",,"required","Controls how multiple enableWhen values are interpreted -  whether all or any must be true.","http://hl7.org/fhir/ValueSet/questionnaire-enable-behavior|4.0.1","",,,,"Questionnaire.item.enableBehavior",0,1,"que-12
","ele-1:All FHIR elements must have a @value or children {hasValue() or (children().count() > id.count())}
","N/A - MIF rather than RIM level"
"Questionnaire.item.required","Questionnaire.item.required","","","",0,1,"","","","boolean {[]} {[]}
","Whether the item must be included in data results","An indication, if true, that the item must be present in a ""completed"" QuestionnaireResponse.  If false, the item may be skipped when answering the questionnaire.","Questionnaire.item.required only has meaning for elements that are conditionally enabled with enableWhen if the condition evaluates to true.  If an item that contains other items is marked as required, that does not automatically make the contained elements required (though required groups must contain at least one child element). The value may come from the ElementDefinition referred to by .definition.","","","Items are generally assumed not to be required unless explicitly specified. Systems SHOULD always populate this value","","","","","",,,,,"",,,,"Questionnaire.item.required",0,1,"que-6
","ele-1:All FHIR elements must have a @value or children {hasValue() or (children().count() > id.count())}
","N/A - MIF rather than RIM level"
"Questionnaire.item.repeats","Questionnaire.item.repeats","","","",0,1,"","","","boolean {[]} {[]}
","Whether the item may repeat","An indication, if true, that the item may occur multiple times in the response, collecting multiple answers for questions or multiple sets of answers for groups.","If a question is marked as repeats=true, then multiple answers can be provided for the question in the corresponding QuestionnaireResponse.  When rendering the questionnaire, it is up to the rendering software whether to render the question text for each answer repetition (i.e. ""repeat the question"") or to simply allow entry/selection of multiple answers for the question (repeat the answers).  Which is most appropriate visually may depend on the type of answer as well as whether there are nested items.

The resulting QuestionnaireResponse will be populated the same way regardless of rendering - one 'question' item with multiple answer values.

 The value may come from the ElementDefinition referred to by .definition.","Items may be used to create set of (related) questions that can be repeated to give multiple answers to such a set.","","Items are generally assumed not to repeat unless explicitly specified. Systems SHOULD always populate this value","","","","","",,,,,"",,,,"Questionnaire.item.repeats",0,1,"que-6
","ele-1:All FHIR elements must have a @value or children {hasValue() or (children().count() > id.count())}
","N/A - MIF rather than RIM level"
"Questionnaire.item.readOnly","Questionnaire.item.readOnly","","","",0,1,"","","","boolean {[]} {[]}
","Don't allow human editing","An indication, when true, that the value cannot be changed by a human respondent to the Questionnaire.","The value of readOnly elements can be established by asserting  extensions for defaultValues, linkages that support pre-population and/or extensions that support calculation based on other answers.","Allows certain information to be phrased (and rendered) as a question and an answer, while keeping users from changing it.  May also be useful for preventing changes to pre-populated portions of a questionnaire, for calculated values, etc.","","","","","","","",,,,,"",,,,"Questionnaire.item.readOnly",0,1,"que-9
","ele-1:All FHIR elements must have a @value or children {hasValue() or (children().count() > id.count())}
","N/A - MIF rather than RIM level"
"Questionnaire.item.maxLength","Questionnaire.item.maxLength","","","",0,1,"","","","integer {[]} {[]}
","No more than this many characters","The maximum number of characters that are permitted in the answer to be considered a ""valid"" QuestionnaireResponse.","For base64binary, reflects the number of characters representing the encoded data, not the number of bytes of the binary data. The value may come from the ElementDefinition referred to by .definition.","","","","","","","","",,,,,"",,,,"Questionnaire.item.maxLength",0,1,"que-10
","ele-1:All FHIR elements must have a @value or children {hasValue() or (children().count() > id.count())}
","N/A - MIF rather than RIM level","N/A"
"Questionnaire.item.answerValueSet","Questionnaire.item.answerValueSet","","","",0,1,"","","","canonical {[]} {[CanonicalType[http://hl7.org/fhir/StructureDefinition/ValueSet]]}
","Valueset containing permitted answers","A reference to a value set containing a list of codes representing permitted answers for a ""choice"" or ""open-choice"" question.","LOINC defines many useful value sets for questionnaire responses. See [LOINC Answer Lists](http://hl7.org/fhir/R4/loinc.html#alist). The value may come from the ElementDefinition referred to by .definition.","","","","","","","","",,,,,"",,,,"Questionnaire.item.answerValueSet",0,1,"que-4
que-5","ele-1:All FHIR elements must have a @value or children {hasValue() or (children().count() > id.count())}
","N/A - MIF rather than RIM level"
"Questionnaire.item.answerOption","Questionnaire.item.answerOption","","","",0,*,"","","","BackboneElement {[]} {[]}
","Permitted answer","One of the permitted answers for a ""choice"" or ""open-choice"" question.","This element can be used when the value set machinery of answerValueSet is deemed too cumbersome or when there's a need to capture possible answers that are not codes.","","","","","","","","",,,,,"",,,,"Questionnaire.item.answerOption",0,*,"que-4
que-5","ele-1:All FHIR elements must have a @value or children {hasValue() or (children().count() > id.count())}
","N/A - MIF rather than RIM level"
"Questionnaire.item.answerOption.id","Questionnaire.item.answerOption.id","","","",0,1,"","","","string {[]} {[]}
","Unique id for inter-element referencing","Unique id for the element within a resource (for internal references). This may be any string value that does not contain spaces.","","","","","","","","","",,,,,"",,,,"Element.id",0,1,"","","n/a"
"Questionnaire.item.answerOption.extension","Questionnaire.item.answerOption.extension","","extensions
user content","",0,*,"","","","Extension {[]} {[]}
","Additional content defined by implementations","May be used to represent additional information that is not part of the basic definition of the element. To make the use of extensions safe and manageable, there is a strict set of governance  applied to the definition and use of extensions. Though any implementer can define an extension, there is a set of requirements that SHALL be met as part of the definition of the extension.","There can be no stigma associated with the use of extensions by any application, project, or standard - regardless of the institution or jurisdiction that uses or defines the extensions.  The use of extensions is what allows the FHIR specification to retain a core level of simplicity for everyone.","","","","","","","","",,,,,"",,,,"Element.extension",0,*,"","ele-1:All FHIR elements must have a @value or children {hasValue() or (children().count() > id.count())}
ext-1:Must have either extensions or value[x], not both {extension.exists() != value.exists()}","n/a"
"Questionnaire.item.answerOption.modifierExtension","Questionnaire.item.answerOption.modifierExtension","","extensions
user contentmodifiers","",0,*,"","Y","Y","Extension {[]} {[]}
","Extensions that cannot be ignored even if unrecognized","May be used to represent additional information that is not part of the basic definition of the element and that modifies the understanding of the element in which it is contained and/or the understanding of the containing element's descendants. Usually modifier elements provide negation or qualification. To make the use of extensions safe and manageable, there is a strict set of governance applied to the definition and use of extensions. Though any implementer can define an extension, there is a set of requirements that SHALL be met as part of the definition of the extension. Applications processing a resource are required to check for modifier extensions.

Modifier extensions SHALL NOT change the meaning of any elements on Resource or DomainResource (including cannot change the meaning of modifierExtension itself).","There can be no stigma associated with the use of extensions by any application, project, or standard - regardless of the institution or jurisdiction that uses or defines the extensions.  The use of extensions is what allows the FHIR specification to retain a core level of simplicity for everyone.","Modifier extensions allow for extensions that *cannot* be safely ignored to be clearly distinguished from the vast majority of extensions which can be safely ignored.  This promotes interoperability by eliminating the need for implementers to prohibit the presence of extensions. For further information, see the [definition of modifier extensions](http://hl7.org/fhir/R4/extensibility.html#modifierExtension).","","","","","","","",,,,,"",,,,"BackboneElement.modifierExtension",0,*,"","ele-1:All FHIR elements must have a @value or children {hasValue() or (children().count() > id.count())}
ext-1:Must have either extensions or value[x], not both {extension.exists() != value.exists()}","N/A"
"Questionnaire.item.answerOption.value[x]","Questionnaire.item.answerOption.value[x]","","","",1,1,"","","","integer {[]} {[]}
date {[]} {[]}time {[]} {[]}string {[]} {[]}Coding {[]} {[]}Reference {[]} {[CanonicalType[http://hl7.org/fhir/StructureDefinition/Resource]]}","Answer value","A potential answer that's allowed as the answer to this question.","The data type of the value must agree with the item.type.","","","","","","","","",,"example","Allowed values to answer questions.","http://hl7.org/fhir/ValueSet/questionnaire-answers","",,,,"Questionnaire.item.answerOption.value[x]",1,1,"","ele-1:All FHIR elements must have a @value or children {hasValue() or (children().count() > id.count())}
","N/A - MIF rather than RIM level"
"Questionnaire.item.answerOption.initialSelected","Questionnaire.item.answerOption.initialSelected","","","",0,1,"","","","boolean {[]} {[]}
","Whether option is selected by default","Indicates whether the answer value is selected when the list of possible answers is initially shown.","Use this instead of initial[v] if answerValueSet is present.","","","Only selected items explicitly marked to be selected","","","","","",,,,,"",,,,"Questionnaire.item.answerOption.initialSelected",0,1,"","ele-1:All FHIR elements must have a @value or children {hasValue() or (children().count() > id.count())}
","N/A - MIF rather than RIM level"
"Questionnaire.item.initial","Questionnaire.item.initial","","","",0,*,"","","","BackboneElement {[]} {[]}
","Initial value(s) when item is first rendered","One or more values that should be pre-populated in the answer when initially rendering the questionnaire for user input.","The user is allowed to change the value and override the default (unless marked as read-only). If the user doesn't change the value, then this initial value will be persisted when the QuestionnaireResponse is initially created.  Note that initial values can influence results.  The data type of initial[x] must agree with the item.type, and only repeating items can have more then one initial value.","In some workflows, having defaults saves time.","","","","","","","",,,,,"",,,,"Questionnaire.item.initial",0,*,"que-8
que-13","ele-1:All FHIR elements must have a @value or children {hasValue() or (children().count() > id.count())}
","N/A - MIF rather than RIM level"
"Questionnaire.item.initial.id","Questionnaire.item.initial.id","","","",0,1,"","","","string {[]} {[]}
","Unique id for inter-element referencing","Unique id for the element within a resource (for internal references). This may be any string value that does not contain spaces.","","","","","","","","","",,,,,"",,,,"Element.id",0,1,"","","n/a"
"Questionnaire.item.initial.extension","Questionnaire.item.initial.extension","","extensions
user content","",0,*,"","","","Extension {[]} {[]}
","Additional content defined by implementations","May be used to represent additional information that is not part of the basic definition of the element. To make the use of extensions safe and manageable, there is a strict set of governance  applied to the definition and use of extensions. Though any implementer can define an extension, there is a set of requirements that SHALL be met as part of the definition of the extension.","There can be no stigma associated with the use of extensions by any application, project, or standard - regardless of the institution or jurisdiction that uses or defines the extensions.  The use of extensions is what allows the FHIR specification to retain a core level of simplicity for everyone.","","","","","","","","",,,,,"",,,,"Element.extension",0,*,"","ele-1:All FHIR elements must have a @value or children {hasValue() or (children().count() > id.count())}
ext-1:Must have either extensions or value[x], not both {extension.exists() != value.exists()}","n/a"
"Questionnaire.item.initial.modifierExtension","Questionnaire.item.initial.modifierExtension","","extensions
user contentmodifiers","",0,*,"","Y","Y","Extension {[]} {[]}
","Extensions that cannot be ignored even if unrecognized","May be used to represent additional information that is not part of the basic definition of the element and that modifies the understanding of the element in which it is contained and/or the understanding of the containing element's descendants. Usually modifier elements provide negation or qualification. To make the use of extensions safe and manageable, there is a strict set of governance applied to the definition and use of extensions. Though any implementer can define an extension, there is a set of requirements that SHALL be met as part of the definition of the extension. Applications processing a resource are required to check for modifier extensions.

Modifier extensions SHALL NOT change the meaning of any elements on Resource or DomainResource (including cannot change the meaning of modifierExtension itself).","There can be no stigma associated with the use of extensions by any application, project, or standard - regardless of the institution or jurisdiction that uses or defines the extensions.  The use of extensions is what allows the FHIR specification to retain a core level of simplicity for everyone.","Modifier extensions allow for extensions that *cannot* be safely ignored to be clearly distinguished from the vast majority of extensions which can be safely ignored.  This promotes interoperability by eliminating the need for implementers to prohibit the presence of extensions. For further information, see the [definition of modifier extensions](http://hl7.org/fhir/R4/extensibility.html#modifierExtension).","","","","","","","",,,,,"",,,,"BackboneElement.modifierExtension",0,*,"","ele-1:All FHIR elements must have a @value or children {hasValue() or (children().count() > id.count())}
ext-1:Must have either extensions or value[x], not both {extension.exists() != value.exists()}","N/A"
"Questionnaire.item.initial.value[x]","Questionnaire.item.initial.value[x]","","","",1,1,"","","","boolean {[]} {[]}
decimal {[]} {[]}integer {[]} {[]}date {[]} {[]}dateTime {[]} {[]}time {[]} {[]}string {[]} {[]}uri {[]} {[]}Attachment {[]} {[]}Coding {[]} {[]}Quantity {[]} {[]}Reference {[]} {[CanonicalType[http://hl7.org/fhir/StructureDefinition/Resource]]}","Actual value for initializing the question","The actual value to for an initial answer.","The type of the initial value must be consistent with the type of the item.","","","","","","","","",,"example","Allowed values to answer questions.","http://hl7.org/fhir/ValueSet/questionnaire-answers","",,,,"Questionnaire.item.initial.value[x]",1,1,"","ele-1:All FHIR elements must have a @value or children {hasValue() or (children().count() > id.count())}
","N/A - MIF rather than RIM level"
"Questionnaire.item.item","Questionnaire.item.item","","","",0,0,"","","","","Nested questionnaire items","Text, questions and other groups to be nested beneath a question or group.","There is no specified limit to the depth of nesting.  However, Questionnaire authors are encouraged to consider the impact on the user and user interface of overly deep nesting.","Reports can consist of complex nested groups.","","","","","","","",,,,,"",,,,"Questionnaire.item.item",0,*,"que-1
","ele-1:All FHIR elements must have a @value or children {hasValue() or (children().count() > id.count())}
",".outboundRelationship[typeCode=COMP].target"
